114.121562
114.121562
113.367500
113.367500
112.653125
112.653125
111.621250
111.621250
110.986250
110.986250
110.033750
110.033750
109.160625
109.160625
108.406562
108.406562
107.335000
107.335000
106.501562
106.501562
105.509375
105.509375
104.556875
104.556875
103.525000
103.525000
102.532812
102.532812
101.381875
101.381875
100.350000
100.350000
99.357812
99.357812
98.683125
98.683125
97.055937
97.055937
95.666875
95.666875
94.674687
94.674687
93.365000
93.365000
92.055312
92.055312
90.785312
90.785312
89.435937
89.435937
88.046875
88.046875
86.618125
86.618125
85.189375
85.189375
83.562187
83.562187
82.014375
82.014375
80.506250
80.506250
78.839375
78.839375
77.132812
77.132812
75.386562
75.386562
73.600625
73.600625
71.616250
71.616250
69.631875
69.631875
67.726875
67.726875
65.663125
65.663125
63.440625
63.440625
60.980000
60.980000
58.836875
58.836875
56.296875
56.296875
53.677500
53.677500
50.899375
50.899375
48.002187
48.002187
46.097188
46.097188
44.152500
44.152500
