121.721563
121.721563
120.967500
120.967500
120.253125
120.253125
119.221250
119.221250
118.586250
118.586250
117.633750
117.633750
116.760625
116.760625
116.006563
116.006563
114.935000
114.935000
114.101562
114.101562
113.109375
113.109375
112.156875
112.156875
111.125000
111.125000
110.132812
110.132812
108.981875
108.981875
107.950000
107.950000
106.957813
106.957813
106.283125
106.283125
104.655937
104.655937
103.266875
103.266875
102.274687
102.274687
100.965000
100.965000
99.655312
99.655312
98.385312
98.385312
97.035938
97.035938
95.646875
95.646875
94.218125
94.218125
92.789375
92.789375
91.162188
91.162188
89.614375
89.614375
88.106250
88.106250
86.439375
86.439375
84.732812
84.732812
82.986563
82.986563
81.200625
81.200625
79.216250
79.216250
77.231875
77.231875
75.326875
75.326875
73.263125
73.263125
71.040625
71.040625
68.580000
68.580000
66.436875
66.436875
63.896875
63.896875
61.277500
61.277500
58.499375
58.499375
55.602187
55.602187
53.697187
53.697187
51.752500
51.752500
